r2: (0.8732973332755278, 0.8680928870604716)
mae: (0.3691152982563029, 0.3718761671188986)
rmse: (0.5080989077060669, 0.5109390852256724)
