r2: (0.4947249795786909, 0.7486603008948332)
mae: (0.7720287037696161, 0.5207134659605799)
rmse: (1.014657097553167, 0.7052864886174477)
