r2: (0.8564768829459507, 0.8510251156143549)
mae: (0.4174492946625353, 0.38819095271755943)
rmse: (0.5407746344351758, 0.5429896445124666)
