r2: (0.6653602397256182, 0.7170846739587066)
mae: (0.6760713005615694, 0.5737097335277213)
rmse: (0.8257415795563123, 0.7482784809268148)
