r2: (0.8863801555230779, 0.7865290430414479)
mae: (0.3455323820140051, 0.3983011224529121)
rmse: (0.49553846422018316, 0.5876982172346285)
