r2: (0.8626707464249889, 0.8135501963927617)
mae: (0.3904488627450622, 0.3897912761651326)
rmse: (0.5447933591862478, 0.5492447823251736)
