r2: (0.666307505589977, 0.5951999245455468)
mae: (0.6743674594423045, 0.6098702838319505)
rmse: (0.8492264152745905, 0.8092920370288514)
