r2: (0.49990762795064814, 0.6180921150389652)
mae: (0.7807618115348336, 0.5572209218489873)
rmse: (1.0396218304142897, 0.7860755483284895)
