r2: (0.5283604348194388, 0.665614162084263)
mae: (0.7789788239875534, 0.5868673449376676)
rmse: (1.0187231087191897, 0.7962483969751301)
