r2: (0.901570620529256, 0.8203044282900567)
mae: (0.3411498068997713, 0.4070752791553383)
rmse: (0.4653861090767579, 0.5837048751216171)
