r2: (0.6996718618033029, 0.6292830863980379)
mae: (0.6619193320896569, 0.6542494743841992)
rmse: (0.8129223324259975, 0.8383895057498588)
