r2: (0.894674956016209, 0.8083143087695166)
mae: (0.3746155650826962, 0.42597972299592274)
rmse: (0.48141195083240634, 0.602864180531059)
